31
0 1000000 1000000 1000000 1000000 1000000 1000000 1000 1000000 1000000 1000000 1000000 1000000 1000000 1000000 3120 1000000 1000000 1000000 1000000 1000000 1000000 1000000 1000000 1000000 1000000 1000000 1000000 1000000 2000 1000000

1000000 0 1000000 1000000 320 1000000 600 1000000 1000000 1000000 1000000 520 600 1000000 1000000 1000000 1000000 1000000 1000000 1000000 1000000 1000000 1000000 1000000 1000000 530 1000000 1000000 1000000 1000000 1000000

1000000 1000000 0 1000000 1000000 800 1000000 1000000 480 1000000 1000000 1000000 1000000 1000000 1000000 1000000 1000000 1000000 1000000 1000000 1000000 670 1000000 1000000 1000000 1000000 1000000 1000000 1000000 1000000 1440

1000000 1000000 1000000 0 1500 1000000 1000000 1000000 1000000 1000000 350 1000000 1000000 1000000 1000000 1000000 1000000 1000000 300 1000000 1000000 1000000 1000000 1000000 1000000 1000000 1000000 1000000 1000000 1000000 1000000 

1000000 320 1000000  1500 0 1000000 1000000 1000000 1000000 1000000 360 1000000 820 1000000 1000000 1000000 1000000 1000000 600 1000000 1000000 950 1000000 1000000 1000000 340 1700 1000000 1000000 1000000 1000000 

1000000 1000000 800 1000000 1000000 0 600 1000000 180 1000000 1000000 1000000 1000000 240 1000000 1000000 1000000 1000000 1000000 500 1000000 490 1000000 1000000 1000000 360 1000000 1000000 1000000 1000000 1000000 

1000000 600 1000000 1000000 1000000 600 0 1000000 1000000 1000000 1000000 1000000 1000000 480 1000000 1000000 1000000 1000000 1000000 1000000 1000000 1000000 1000000 1000000 120 1000000 1000000 180 1000000 1000000 1000000 

1000 1000000 1000000 1000000 1000000 1000000 1000000 0 1000000 1000000 1000000 1000000 1000000 1000000 1000000 960 640 1000000 1000000 780 1000000 1000000 380 1000000 1000000 1000000 1000000 1000000 1000000 760 1000000 

1000000 1000000 480 1000000 1000000 180 1000000 1000000 0 1000000 1000000 1000000 1000000 1000000 1000000 1000000 1000000 1000000 1000000 390 1000000 1000000 1000000 1000000 1000000 1000000 1000000 1000000 1000000 1000000 1470

1000000 1000000 1000000 1000000 1000000 1000000 1000000 1000000 1000000 0 1000000 1000000 1000000 1000000 1000000 1000000 360 1000000 1000000 1000000 330 1000000 370 1000000 1000000 1000000 1000000 1000000 240 1000000 1000000 

1000000 1000000 1000000 350 360 1000000 1000000 1000000 1000000 1000000 0 1000000 1000000 1000000 1000000 1000000 1000000 410 1000000 1000000 1000000  640 1000000 1000000 1000000 1000000 1000000 1000000 1000000 1000000 1000000 

1000000 520 1000000 1000000 1000000 1000000 1000000 1000000 1000000 1000000 1000000 0 1020 1000000 1000000 1000000 1000000 1000000 1000000 1000000 1000000 1000000 1000000 1000000 290 1000000 1000000 1000000 240 1000000 1000000 

1000000 600 1000000 1000000 820 1000000 1000000 1000000 1000000 1000000 1000000 1020 0 1000000 1000000 1000000 1000000 1000000 1000000 1000000 1000000 1000000 1000000 1000000 1000000 1000000 190 1000000 1000000 1000000 1000000 

1000000 1000000 1000000 1000000 1000000 240 480 1000000 1000000 1000000 1000000 1000000 1000000 0 1000000 1000000 475 1000000 1000000 225 1000000 1000000 1000000 1000000 1000000 1000000 1000000 270 1000000 1000000 1000000 

1000000 1000000 1000000 1000000 1000000 1000000 1000000 1000000 1000000 1000000 1000000 1000000 1000000 1000000 0 1210 1000000 1000000 1000000 1000000 1000000 1000000 1000000 1000000 1000000 1000000 1000000 1000000 1000000 470 390

3120 1000000 1000000 1000000 1000000 1000000 1000000 960 1000000 1000000 1000000 1000000 1000000 1000000 1210 0 1000000 1000000 1000000 640 1000000 1000000 1000000 1000000 1000000 1000000 1000000 1000000 1000000 1000000 1000000 

1000000 1000000 1000000 1000000 1000000 1000000 1000000 640 1000000 360 1000000 1000000 1000000 475 1000000 1000000 0 1000000 1000000 360 340 1000000 1000000 1000000 1000000 1000000 1000000 220 300 1000000 1000000 

1000000 1000000 1000000 1000000 1000000 1000000 1000000 1000000 1000000 1000000 410 1000000 1000000 1000000 1000000 1000000 1000000 0 195 1000000 1000000 1000000 1000000 1000000 1000000 1000000 1000000 1000000 1000000 1000000 1000000 

1000000 1000000 1000000 300 600 1000000 1000000 1000000 1000000 1000000 1000000 1000000 1000000 1000000 1000000 1000000 1000000 195 0 1000000 1000000 1000000 1000000 1000000 1000000 1000000 1000000 1000000 1000000 1000000 1000000 

1000000 1000000 1000000 1000000 1000000 500 1000000 780 390 1000000 1000000 1000000 1000000 225 1000000 640 360 1000000 1000000 0 1000000 1000000 1000000 1000000 1000000 1000000 1000000 1000000 1000000 1000000 750

1000000 1000000 1000000 1000000 1000000 1000000 1000000 1000000 1000000 330 1000000 1000000 1000000 1000000 1000000 1000000 340 1000000 1000000 1000000 0 1000000 130 1000000 1000000 1000000 1000000 1000000 1000000 1000000 1000000 

1000000 1000000 670 1000000 950 490 1000000 1000000 1000000 1000000 640 1000000 1000000 1000000 1000000 1000000 1000000 1000000 1000000 1000000 1000000 0 1000000 1000000 1000000 230 1000000 1000000 1000000 1000000 1000000 

1000000 1000000 1000000 1000000 1000000 1000000 1000000 360 1000000 370 1000000 1000000 1000000 1000000 1000000 1000000 1000000 1000000 1000000 1000000 130 1000000 0 1000000 1000000 1000000 1000000 1000000 1000000 1000000 1000000 

1000000 1000000 1000000 1000000 1000000 1000000 1000000 1000000 1000000 1000000 1000000 1000000 1000000 1000000 1000000 1000000 1000000 1000000 1000000 1000000 1000000 1000000 1000000 0 80 1000000 1000000 90 300 1000000 1000000 

1000000 1000000 1000000 1000000 1000000 1000000 120 1000000 1000000 1000000 1000000 290 1000000 1000000 1000000 1000000 1000000 1000000 1000000 1000000 1000000 1000000 1000000 80 0 1000000 1000000 1000000 1000000 1000000 1000000 

1000000 530 1000000 1000000 340 360 1000000 1000000 1000000 1000000 1000000 1000000 1000000 1000000 1000000 1000000 1000000 1000000 1000000 1000000 1000000 230 1000000 1000000 1000000 0 1000000 1000000 1000000 1000000 1000000 

1000000 1000000 1000000 1000000 1700 1000000 1000000 1000000 1000000 1000000 1000000 1000000 190 1000000 1000000 1000000 1000000 1000000 1000000 1000000 1000000 1000000 1000000 1000000 1000000 1000000 0 1000000 1000000 1000000 1000000 

1000000 1000000 1000000 1000000 1000000 1000000 180 1000000 1000000 1000000 1000000 1000000 1000000 270 1000000 1000000 220 1000000 1000000 1000000 1000000 1000000 1000000 90 1000000 1000000 1000000 0 480 1000000 1000000 

1000000 1000000 1000000 1000000 1000000 1000000 1000000 1000000 1000000 240 1000000 240 1000000 1000000 1000000 1000000 300 1000000 1000000 1000000 1000000 1000000 1000000 300 1000000 1000000 1000000 480 0 1000000 1000000 

2000 1000000 1000000 1000000 1000000 1000000 1000000 760 1000000 1000000 1000000 1000000 1000000 1000000 470 1000000 1000000 1000000 1000000 1000000 1000000 1000000 1000000 1000000 1000000 1000000 1000000 1000000 1000000 0 1000000 

1000000 1000000 1440 1000000 1000000 1000000 1000000 1000000 1470 1000000 1000000 1000000 1000000 1000000 390 1000000 1000000 1000000 1000000 750 1000000 1000000 1000000 1000000 1000000 1000000 1000000 1000000 1000000 1000000 0














